Strain	Rep	Block	Tube	per.10ml	logged
1212	1	13	1	34000000	7.531478917
1212	1	13	2	44000000	7.643452676
1212	1	13	3	17333333.33	7.238882089
1212	2	14	1	8000000	6.903089987
1212	2	14	2	13333333.33	7.124938737
1212	2	14	3	NA	NA
1212	3	15	1	2866666.667	6.457377197
1212	3	15	2	3666666.667	6.56427143
1212	3	15	3	4533333.333	6.656417654
1212	4	4	1	44000000	7.643452676
1212	4	4	2	47333333.33	7.67516709
1212	4	4	3	42666666.67	7.630088715
1448a	1	3	1	1433333.333	6.156347201
1448a	1	3	2	540000	5.73239376
1448a	1	3	3	360000	5.556302501
1448a	2	6	1	600000	5.77815125
1448a	2	6	2	2533333.333	6.403692338
1448a	2	6	3	3066666.667	6.486666573
1448a	3	27	1	933333.3333	5.970036777
1448a	3	27	2	2400000	6.380211242
1448a	3	27	3	1133333.333	6.054357662
1644r	1	19	1	493333.3333	5.693140461
1644r	1	19	2	133333.3333	5.124938737
1644r	1	19	3	446666.6667	5.649983544
1644r	2	20	1	1333333.333	6.124938737
1644r	2	20	2	340000	5.531478917
1644r	2	20	3	27333.33333	4.436692598
1644r	3	22	1	100000	5
1644r	3	22	2	246666.6667	5.392110465
1644r	3	22	3	293333.3333	5.467361417
aceris	1	4	1	10000	4
aceris	1	4	2	46666.66667	4.669006781
aceris	1	4	3	19333.33333	4.286306739
aceris	2	6	1	49333.33333	4.693140461
aceris	2	6	2	2533333.333	6.403692338
aceris	2	6	3	486666.6667	5.687231601
aceris	3	29	1	30666.66667	4.486666573
aceris	3	29	2	15333.33333	4.185636577
aceris	3	29	3	106666.6667	5.028028724
aptata	1	2	1	266666.6667	5.425968732
aptata	1	2	2	1666666.667	6.22184875
aptata	1	2	3	126000	5.100370545
aptata	2	5	1	2933333.333	6.467361417
aptata	2	5	2	1666666.667	6.22184875
aptata	2	5	3	500000	5.698970004
aptata	3	24	1	30666.66667	4.486666573
aptata	3	24	2	160000	5.204119983
aptata	3	24	3	38000	4.579783597
B301D	1	13	1	34000000	7.531478917
B301D	1	13	2	34666666.67	7.539912085
B301D	1	13	3	16000000	7.204119983
B301D	2	14	1	2066666.667	6.315270435
B301D	2	14	2	1666666.667	6.22184875
B301D	2	14	3	2333333.333	6.367976785
B301D	3	30	1	20666666.67	7.315270435
B301D	3	30	2	8266666.667	6.917330426
B301D	3	30	3	21333333.33	7.329058719
B48	1	16	1	16000000	7.204119983
B48	1	16	2	14000000	7.146128036
B48	1	16	3	17333333.33	7.238882089
B48	2	17	1	36000000	7.556302501
B48	2	17	2	113333333.3	8.054357662
B48	2	17	3	126666666.7	8.102662342
B48	3	18	1	3066666.667	6.486666573
B48	3	18	2	3000000	6.477121255
B48	3	18	3	2600000	6.414973348
B728a	1	1	2	7466666.667	6.873126764
B728a	1	1	3	1006666.667	6.002885688
B728a	2	3	1	2733333.333	6.436692598
B728a	2	3	2	2400000	6.380211242
B728a	2	3	3	3400000	6.531478917
B728a	3	5	1	14800000	7.170261715
B728a	3	5	2	5133333.333	6.710399466
B728a	3	5	3	18000000	7.255272505
B728a	4	23	1	22666666.67	7.355387658
B728a	4	23	2	22000000	7.342422681
B728a	4	23	3	17333333.33	7.238882089
CC1458	1	7	1	32666666.67	7.514104821
CC1458	1	7	2	29333333.33	7.467361417
CC1458	1	7	3	36000000	7.556302501
CC1458	2	8	1	19333333.33	7.286306739
CC1458	2	8	2	12200000	7.086359831
CC1458	2	8	3	61333333.33	7.787696568
CC1458	3	9	1	53333333.33	7.726998728
CC1458	3	9	2	43333333.33	7.636822098
CC1458	3	9	3	148666666.7	8.172213604
CC1543	1	10	1	1066666.667	6.028028724
CC1543	1	10	2	1066666.667	6.028028724
CC1543	1	10	3	1933333.333	6.286306739
CC1543	2	11	1	21333333.33	7.329058719
CC1543	2	11	2	7400000	6.86923172
CC1543	2	11	3	15333333.33	7.185636577
CC1543	3	12	1	10666666.67	7.028028724
CC1543	3	12	2	9333333.333	6.970036777
CC1543	3	12	3	16000000	7.204119983
CC440	1	10	1	20000000	7.301029996
CC440	1	10	2	10666666.67	7.028028724
CC440	1	10	3	22666666.67	7.355387658
CC440	2	11	1	25333333.33	7.403692338
CC440	2	11	2	36666666.67	7.56427143
CC440	2	11	3	153333333.3	8.185636577
CC440	3	12	1	14666666.67	7.166331422
CC440	3	12	2	17333333.33	7.238882089
CC440	3	12	3	23333333.33	7.367976785
CC457	1	7	1	1600000	6.204119983
CC457	1	7	2	1466666.667	6.166331422
CC457	1	7	3	600000	5.77815125
CC457	2	8	1	266666.6667	5.425968732
CC457	2	8	2	140000	5.146128036
CC457	2	8	3	1000000	6
CC457	3	9	1	126666.6667	5.102662342
CC457	3	9	2	213333.3333	5.329058719
CC457	3	9	3	2133333.333	6.329058719
Cit7	1	2	1	9000000	6.954242509
Cit7	1	2	2	11733333.33	7.069421409
Cit7	1	2	3	10400000	7.017033339
Cit7	2	5	1	5200000	6.716003344
Cit7	2	5	2	30000000	7.477121255
Cit7	2	5	3	12666666.67	7.102662342
Cit7	3	21	1	34000000	7.531478917
Cit7	3	21	2	25333333.33	7.403692338
Cit7	3	21	3	29333333.33	7.467361417
DC3000	1	3	1	3266666.667	6.514104821
DC3000	1	3	2	2466666.667	6.392110465
DC3000	1	3	3	2533333.333	6.403692338
DC3000	2	6	1	1866666.667	6.271066772
DC3000	2	6	2	1120000	6.049218023
DC3000	2	6	3	613333.3333	5.787696568
DC3000	3	25	1	1333333.333	6.124938737
DC3000	3	25	2	1866666.667	6.271066772
DC3000	3	25	3	2466666.667	6.392110465
japonica	1	2	1	293333.3333	5.467361417
japonica	1	2	2	273333.3333	5.436692598
japonica	1	2	3	133333.3333	5.124938737
japonica	2	5	1	3133333.333	6.496006599
japonica	2	5	2	2866666.667	6.457377197
japonica	2	5	3	1400000	6.146128036
japonica	3	29	1	706666.6667	5.849214606
japonica	3	29	2	140000	5.146128036
japonica	3	29	3	340000	5.531478917
maculicola	1	16	1	1200000	6.079181246
maculicola	1	16	2	280000	5.447158031
maculicola	1	16	3	193333.3333	5.286306739
maculicola	2	17	1	3133333.333	6.496006599
maculicola	2	17	2	4000000	6.602059991
maculicola	2	17	3	3400000	6.531478917
maculicola	3	18	1	460000	5.662757832
maculicola	3	18	2	NA	NA
maculicola	3	18	3	18000000	7.255272505
pisi	1	4	1	1733333.333	6.238882089
pisi	1	4	2	1146666.667	6.059437188
pisi	1	4	3	3400000	6.531478917
pisi	2	6	1	128666.6667	5.10946605
pisi	2	6	2	2266666.667	6.355387658
pisi	2	6	3	273333.3333	5.436692598
pisi	3	30	1	1320000	6.120573931
pisi	3	30	2	386666.6667	5.587336735
pisi	3	30	3	960000	5.982271233
TLP2	1	2	1	546666.6667	5.737722593
TLP2	1	2	2	326666.6667	5.514104821
TLP2	1	2	3	400000	5.602059991
TLP2	2	6	1	1686666.667	6.227029262
TLP2	2	6	2	2700000	6.431363764
TLP2	2	6	3	3066666.667	6.486666573
TLP2	4	26	1	873333.3333	5.941180037
TLP2	4	26	2	2133333.333	6.329058719
TLP2	4	26	3	1020000	6.008600172
UB303	2	26	1	1133333.333	6.054357662
UB303	2	26	2	1533333.333	6.185636577
UB303	2	26	3	17333333.33	7.238882089
UB303	3	27	1	933333.3333	5.970036777
UB303	3	27	2	1200000	6.079181246
UB303	3	27	3	500000	5.698970004
UB303	4	31	1	1266666.667	6.102662342
UB303	4	31	2	1106666.667	6.044016829
UB303	4	31	3	1133333.333	6.054357662
USA011	1	19	1	3733333.333	6.572096768
USA011	1	19	2	7466666.667	6.873126764
USA011	1	19	3	16666666.67	7.22184875
USA011	2	20	1	26000000	7.414973348
USA011	2	20	2	32000000	7.505149978
USA011	2	20	3	30000000	7.477121255
USA011	3	22	1	34000000	7.531478917
USA011	3	22	2	25333333.33	7.403692338
USA011	3	22	3	37333333.33	7.572096768
UB246	1	26	1	993333.3333	5.997095009
UB246	1	26	2	1533333.333	6.185636577
UB246	1	26	3	4533333.333	6.656417654
UB246	2	27	1	3266666.667	6.514104821
UB246	2	27	2	7133333.333	6.853292519
UB246	2	27	3	4066666.667	6.609238576
UB246	3	28	1	18200000	7.260071388
UB246	3	28	2	9600000	6.982271233
UB246	3	28	3	9400000	6.973127854